data_0:  (1000, 4096, 9)
label_0:  (1000, 4096)
data_1:  (1000, 4096, 9)
label_1:  (1000, 4096)
data_2:  (1000, 4096, 9)
label_2:  (1000, 4096)
data_3:  (1000, 4096, 9)
label_3:  (1000, 4096)
data_4:  (1000, 4096, 9)
label_4:  (1000, 4096)
data_5:  (1000, 4096, 9)
label_5:  (1000, 4096)
data_6:  (1000, 4096, 9)
label_6:  (1000, 4096)
data_7:  (1000, 4096, 9)
label_7:  (1000, 4096)
data_8:  (1000, 4096, 9)
label_8:  (1000, 4096)
data_9:  (1000, 4096, 9)
label_9:  (1000, 4096)
data_10:  (1000, 4096, 9)
label_10:  (1000, 4096)
data_11:  (1000, 4096, 9)
label_11:  (1000, 4096)
data_12:  (1000, 4096, 9)
label_12:  (1000, 4096)
data_13:  (1000, 4096, 9)
label_13:  (1000, 4096)
data_14:  (1000, 4096, 9)
label_14:  (1000, 4096)
data_15:  (1000, 4096, 9)
label_15:  (1000, 4096)
data_16:  (1000, 4096, 9)
label_16:  (1000, 4096)
data_17:  (1000, 4096, 9)
label_17:  (1000, 4096)
data_18:  (1000, 4096, 9)
label_18:  (1000, 4096)
data_19:  (1000, 4096, 9)
label_19:  (1000, 4096)
data_20:  (1000, 4096, 9)
label_20:  (1000, 4096)
data_21:  (1000, 4096, 9)
label_21:  (1000, 4096)
data_22:  (1000, 4096, 9)
label_22:  (1000, 4096)
data_23:  (585, 4096, 9)
label_23:  (585, 4096)
